2
1
0 1
(0 0 1)
(0 1 0)
(1 0 1)
(1 1 0)
^
100
011
10abc1
0
1
0101011
11010
0001
1110
11qwe
11111
10101
11111111
101010101
11110
1111111110
1010101010
00
@
3
0 1
0 1
(0 0 0)
(0 1 1)
(1 1 2)
(1 0 0)
(2 0 2)
(2 1 2)
^
1
000
101
111
01001
1011011
1011000
01010
1010101110
004400
11111
11000
00011
0101011
0101010
10101010
000000
0001000
0
@
3
1
a b c d e f g h i j k l m n o p q r s t u v A B C D E F G H I J K L M N O P Q R S T U V W X Y Z 0 1 2 3 4 5 6 7 8 9 _
(0 0 2)
(0 1 2)
(0 2 2)
(0 3 2)
(0 4 2)
(0 5 2)
(0 6 2)
(0 7 2)
(0 8 2)
(0 9 2)
(0 a 1)
(0 b 1)
(0 c 1)
(0 d 1)
(0 e 1)
(0 f 1)
(0 g 1)
(0 h 1)
(0 i 1)
(0 j 1)
(0 k 1)
(0 l 1)
(0 m 1)
(0 n 1)
(0 o 1)
(0 p 1)
(0 q 1)
(0 r 1)
(0 s 1)
(0 t 1)
(0 u 1)
(0 v 1)
(0 w 1)
(0 x 1)
(0 y 1)
(0 z 1)
(0 A 1)
(0 B 1)
(0 C 1)
(0 D 1)
(0 E 1)
(0 F 1)
(0 G 1)
(0 H 1)
(0 I 1)
(0 J 1)
(0 K 1)
(0 L 1)
(0 M 1)
(0 N 1)
(0 O 1)
(0 P 1)
(0 Q 1)
(0 R 1)
(0 S 1)
(0 T 1)
(0 U 1)
(0 V 1)
(0 W 1)
(0 X 1)
(0 Y 1)
(0 Z 1)
(0 _ 1)
(1 0 1)
(1 1 1)
(1 2 1)
(1 3 1)
(1 4 1)
(1 5 1)
(1 6 1)
(1 7 1)
(1 8 1)
(1 9 1)
(1 a 1)
(1 b 1)
(1 c 1)
(1 d 1)
(1 e 1)
(1 f 1)
(1 g 1)
(1 h 1)
(1 i 1)
(1 j 1)
(1 k 1)
(1 l 1)
(1 m 1)
(1 n 1)
(1 o 1)
(1 p 1)
(1 q 1)
(1 r 1)
(1 s 1)
(1 t 1)
(1 u 1)
(1 v 1)
(1 w 1)
(1 x 1)
(1 y 1)
(1 z 1)
(1 A 1)
(1 B 1)
(1 C 1)
(1 D 1)
(1 E 1)
(1 F 1)
(1 G 1)
(1 H 1)
(1 I 1)
(1 J 1)
(1 K 1)
(1 L 1)
(1 M 1)
(1 N 1)
(1 O 1)
(1 P 1)
(1 Q 1)
(1 R 1)
(1 S 1)
(1 T 1)
(1 U 1)
(1 V 1)
(1 W 1)
(1 X 1)
(1 Y 1)
(1 Z 1)
(1 _ 1)
(2 0 2)
(2 1 2)
(2 2 2)
(2 3 2)
(2 4 2)
(2 5 2)
(2 6 2)
(2 7 2)
(2 8 2)
(2 9 2)
(2 a 2)
(2 b 2)
(2 c 2)
(2 d 2)
(2 e 2)
(2 f 2)
(2 g 2)
(2 h 2)
(2 i 2)
(2 j 2)
(2 k 2)
(2 l 2)
(2 m 2)
(2 n 2)
(2 o 2)
(2 p 2)
(2 q 2)
(2 r 2)
(2 s 2)
(2 t 2)
(2 u 2)
(2 v 2)
(2 w 2)
(2 x 2)
(2 y 2)
(2 z 2)
(2 A 2)
(2 B 2)
(2 C 2)
(2 D 2)
(2 E 2)
(2 F 2)
(2 G 2)
(2 H 2)
(2 I 2)
(2 J 2)
(2 K 2)
(2 L 2)
(2 M 2)
(2 N 2)
(2 O 2)
(2 P 2)
(2 Q 2)
(2 R 2)
(2 S 2)
(2 T 2)
(2 U 2)
(2 V 2)
(2 W 2)
(2 X 2)
(2 Y 2)
(2 Z 2)
(2 _ 2)
^
HelloWorld
abc
1st_Ex
Java
_finite_automation
program
X3Y7
X=90
X*Y
_
1
%
r4%
t 5r
a1231231
qwerty
q1w2e3r4t5
QWErty
Q1W2E3R4T5
@
4
1 2
0 1 2 3 4 5 6 7 8 9
(0 0 1)
(0 1 2)
(0 2 2)
(0 3 2)
(0 4 2)
(0 5 2)
(0 6 2)
(0 7 2)
(0 8 2)
(0 9 2)
(1 0 3)
(1 1 3)
(1 2 3)
(1 3 3)
(1 4 3)
(1 5 3)
(1 6 3)
(1 7 3)
(1 8 3)
(1 9 3)
(2 0 2)
(2 1 2)
(2 2 2)
(2 3 2)
(2 4 2)
(2 5 2)
(2 6 2)
(2 7 2)
(2 8 2)
(2 9 2)
(3 0 3)
(3 1 3)
(3 2 3)
(3 3 3)
(3 4 3)
(3 5 3)
(3 6 3)
(3 7 3)
(3 8 3)
(3 9 3)
7
-7
007
3.14
103
24930000
0
01
100
101
-2
0123456789
1.5
123jjk12
34_
9876543210
10
123
10000000
5
